$SPEC_REM:
maestro
ID: 
C:\Users\mustapha\Desktop\sample_spectra\co60.spe
$DATE_MEA:
06/03/1998 11:30:06
$MEAS_TIM:
300 301
$DATA:
0 1023
0
0
0
0
0
0
0
0
0
0
0
190
183
149
172
162
162
150
177
186
187
209
207
202
201
234
204
242
258
259
278
260
250
265
295
297
304
350
360
369
354
366
388
399
466
503
518
606
634
688
693
636
648
581
571
541
509
510
531
514
480
429
451
412
410
369
390
439
398
414
380
398
425
409
417
372
402
325
382
329
373
394
360
378
377
336
365
387
329
343
327
334
326
333
332
336
340
336
299
317
296
344
312
283
309
294
282
297
300
285
243
264
273
281
271
262
276
251
286
291
267
298
251
250
263
258
260
274
276
275
248
262
271
264
250
245
264
300
283
267
265
265
294
269
310
300
264
236
258
267
254
260
234
284
248
268
269
269
253
246
251
255
245
232
220
239
222
215
229
201
222
209
213
209
191
202
219
224
193
208
212
210
181
204
187
195
179
179
176
189
160
195
205
179
177
185
185
185
163
180
157
155
165
163
147
156
150
160
174
162
164
169
152
173
108
151
151
151
138
142
160
129
140
153
146
126
124
151
161
121
130
126
145
131
129
111
132
157
134
122
139
125
130
114
147
127
114
127
125
140
116
126
115
114
109
117
120
111
114
125
114
129
112
103
115
128
91
121
112
118
112
133
100
112
102
104
93
96
116
112
113
106
100
123
90
113
106
89
99
104
112
98
108
123
97
114
106
93
114
108
111
97
111
113
96
113
131
107
91
131
104
115
105
115
110
104
109
116
99
105
86
105
109
81
90
90
111
98
101
92
95
87
107
100
95
87
81
84
75
88
85
80
75
77
94
84
77
93
80
88
87
81
77
85
75
84
81
78
74
75
81
76
83
89
89
88
81
97
85
72
85
77
80
75
81
68
70
61
63
68
90
89
71
90
72
83
81
84
63
79
79
69
62
60
94
75
80
80
83
83
77
76
66
65
71
78
79
92
73
61
86
71
74
70
77
62
90
71
80
75
69
77
91
65
72
73
70
88
70
72
67
85
70
66
81
68
71
64
83
72
80
71
69
69
73
87
82
69
71
72
83
82
61
70
86
93
72
82
76
55
66
77
92
66
82
69
62
76
74
75
76
81
77
79
58
63
68
68
78
65
80
78
63
67
56
68
74
69
63
77
81
76
65
70
74
56
59
68
79
75
69
64
60
74
73
73
70
82
66
79
85
67
73
63
79
68
77
64
79
80
62
82
66
76
75
68
77
76
68
71
69
70
63
83
84
85
75
90
63
69
66
79
70
62
67
66
74
80
77
57
72
75
87
81
71
60
92
81
59
78
89
85
104
77
68
80
72
94
87
74
80
81
92
82
80
88
92
92
97
83
90
81
98
80
79
81
84
94
76
76
86
65
76
99
80
93
66
77
99
65
98
65
79
70
70
86
69
90
73
66
92
78
93
81
87
86
72
94
74
67
86
84
88
84
78
98
72
76
81
83
77
76
69
86
71
82
87
95
67
87
98
85
85
101
90
95
82
81
87
81
85
99
91
76
87
86
87
59
76
69
73
88
95
82
80
94
94
77
87
83
81
88
94
87
89
79
101
83
85
87
84
93
88
102
83
86
85
95
73
64
83
82
98
84
84
105
85
91
81
78
78
89
90
86
61
100
91
102
85
75
63
84
87
73
77
81
97
106
72
60
69
62
78
65
74
73
51
73
52
69
49
53
73
54
57
63
50
40
58
57
46
46
36
45
38
42
43
46
31
49
42
47
35
40
45
34
33
36
25
36
25
31
34
31
39
26
28
29
25
27
33
27
24
24
19
21
18
25
28
14
28
22
19
21
26
15
21
26
25
30
23
15
26
16
20
22
22
20
27
30
22
27
16
32
27
20
27
21
33
33
26
25
48
40
39
44
51
36
52
39
49
60
62
78
59
77
77
88
91
96
112
102
127
126
145
141
158
173
193
196
190
203
218
220
246
268
269
253
262
289
319
326
298
304
354
337
338
386
348
379
362
372
403
427
430
399
375
368
372
391
379
398
351
356
354
333
296
347
285
288
259
289
264
208
200
206
222
196
194
168
139
135
147
143
115
132
118
111
91
66
65
72
55
55
47
52
49
30
38
29
25
27
17
19
11
18
9
18
15
12
7
5
11
3
5
10
2
4
4
4
2
1
0
6
5
3
1
1
3
1
2
3
3
3
0
3
0
3
1
2
3
0
2
1
1
2
1
4
1
3
1
1
1
1
0
2
3
0
0
1
1
4
3
4
1
0
1
1
1
2
0
0
1
1
0
2
3
2
0
5
4
2
1
1
3
1
0
0
2
1
0
3
2
0
1
2
2
2
2
0
5
0
0
1
1
4
3
1
0
1
2
1
3
1
$ENER_FIT:
0 1.688
