$SPEC_REM:
maestro
ID: 
C:\Users\mustapha\Desktop\sample_spectra\co60.spe
$DATE_MEA:
06/03/1998 11:30:06
$MEAS_TIM:
300 301
$DATA:
0 1023
0
0
0
0
0
0
0
0
0
0
2
142
161
151
145
158
160
177
163
163
210
176
176
194
160
190
203
242
251
286
272
243
255
260
220
221
228
275
237
241
292
285
295
325
426
487
709
926
1080
1271
1380
1403
1265
1205
989
924
845
816
816
785
712
700
580
475
439
365
345
306
297
283
251
217
203
203
188
179
174
200
184
196
218
212
203
213
201
175
187
171
182
147
175
161
165
154
173
182
145
154
153
181
147
165
156
135
140
140
130
135
131
127
146
129
144
122
125
125
132
128
149
155
160
163
171
179
184
186
168
211
236
218
215
247
207
275
273
275
296
350
394
428
470
558
619
657
738
861
866
935
869
836
849
792
741
656
600
537
484
402
375
328
293
242
235
215
191
195
165
181
171
157
163
155
154
152
153
137
156
136
158
152
134
147
125
136
139
147
122
128
132
146
137
120
149
152
170
176
166
161
190
235
212
201
222
228
237
237
239
253
246
239
214
246
232
206
193
162
178
175
133
138
135
110
107
84
83
85
78
77
88
72
82
75
79
69
65
79
74
54
68
77
75
80
73
65
67
83
78
89
85
83
76
70
78
71
82
63
60
74
78
81
76
65
70
66
66
80
59
77
77
55
64
70
79
69
66
78
78
99
89
75
102
70
78
97
85
86
98
85
83
96
92
78
85
85
81
92
91
87
69
69
84
82
83
99
98
98
88
80
90
87
110
107
89
95
97
107
89
83
92
105
83
84
74
74
71
65
72
83
78
90
81
79
91
85
88
87
112
110
114
117
120
129
126
139
143
142
142
143
176
168
175
201
157
184
192
193
166
160
178
152
133
161
142
119
113
133
120
105
110
98
94
88
76
89
55
60
55
56
48
46
45
42
63
49
53
48
39
41
48
58
49
45
37
48
38
46
42
44
47
49
52
39
51
49
43
44
53
42
43
47
46
47
46
50
49
43
57
46
50
49
44
50
49
58
44
55
55
58
44
48
55
50
57
54
57
59
62
61
60
69
59
63
50
65
77
72
56
59
43
63
60
52
57
52
45
42
46
43
43
41
56
37
39
60
55
51
61
49
50
47
45
48
42
53
54
39
34
47
45
50
37
35
44
46
46
36
39
43
26
53
40
52
31
35
47
38
37
36
36
45
47
33
37
38
44
41
32
42
37
42
41
49
40
48
60
42
52
43
51
52
49
60
56
41
63
70
76
66
76
82
84
69
84
99
96
72
108
86
111
103
94
94
98
123
79
114
95
95
90
93
100
89
90
99
93
84
108
89
109
97
96
101
91
89
89
73
97
104
89
68
92
87
96
78
65
88
61
71
85
62
66
69
77
75
75
67
61
76
57
55
51
37
57
37
53
46
41
45
51
40
28
29
41
21
25
27
31
22
25
24
30
29
24
22
17
18
23
28
14
13
13
19
21
19
16
23
19
24
15
22
22
17
17
22
22
11
15
21
21
10
17
13
33
19
13
22
24
16
17
21
10
17
20
20
13
20
22
18
17
24
18
30
24
19
20
12
12
19
21
19
12
22
13
14
15
19
15
16
20
17
15
9
11
14
13
15
14
13
17
9
7
13
13
9
15
9
11
10
13
13
24
20
10
5
14
12
11
12
15
11
12
9
10
12
6
3
12
11
8
14
8
15
12
5
7
14
15
13
10
10
12
10
9
15
9
13
14
14
16
8
9
11
7
17
4
14
8
10
8
8
6
10
9
9
9
8
9
8
13
12
11
17
4
3
7
9
12
5
7
11
14
12
7
7
11
6
11
7
10
11
12
11
13
7
8
5
11
7
10
11
9
8
9
8
7
9
10
8
9
10
11
5
7
8
8
5
5
5
2
5
9
2
4
6
10
7
10
8
9
4
10
5
12
9
9
5
9
13
8
6
14
2
8
7
8
8
11
4
5
10
14
3
14
11
11
4
11
6
7
11
11
5
9
12
8
11
7
16
8
4
12
11
9
9
9
11
8
14
14
3
8
8
9
14
13
6
7
8
12
12
7
13
7
10
5
14
11
6
19
7
3
14
11
9
14
6
7
8
8
11
15
8
11
12
16
5
18
7
8
9
7
12
12
10
18
9
13
8
10
13
6
10
14
14
11
7
5
15
11
12
13
14
20
12
18
14
13
16
11
15
18
11
16
15
10
14
15
12
17
22
14
11
12
13
13
12
12
11
10
10
19
15
18
10
12
10
7
14
9
14
13
10
22
4
7
11
7
6
10
8
5
16
3
2
8
8
8
5
7
9
2
10
7
4
4
11
3
8
4
7
3
2
8
3
6
2
2
2
8
4
3
10
6
3
7
5
5
7
5
7
2
6
5
5
$ENER_FIT:
0 1.688
