$SPEC_REM:
maestro
ID: 
C:\Users\mustapha\Desktop\sample_spectra\co60.spe
$DATE_MEA:
06/03/1998 11:30:06
$MEAS_TIM:
300 301
$DATA:
0 1023
0
0
0
0
0
0
0
0
0
0
2
209
287
268
297
287
301
311
326
353
319
346
326
332
374
339
379
393
410
409
461
500
485
429
492
459
497
468
504
527
500
622
645
639
685
804
934
1042
1187
1253
1341
1301
1237
1182
1186
1089
1091
1071
1104
1068
1141
1008
1074
1029
966
869
823
677
653
574
557
557
578
531
490
480
496
415
445
403
361
387
361
355
383
388
417
426
409
397
423
441
460
462
471
444
440
442
477
490
457
470
472
483
471
487
492
517
493
541
607
594
647
610
663
729
691
713
743
676
614
629
587
587
567
471
445
457
518
427
419
478
427
413
389
451
459
460
479
453
506
529
553
551
597
635
631
695
693
675
680
689
641
716
665
621
594
580
555
524
529
491
487
552
475
484
542
533
515
558
523
602
656
701
805
796
811
892
924
895
859
932
1011
902
923
881
923
847
746
758
744
629
585
576
502
492
478
486
461
465
453
550
553
631
691
775
790
854
929
994
1068
1192
1180
1244
1228
1233
1269
1296
1292
1238
1184
1067
1042
1000
887
835
707
691
628
546
485
405
390
312
307
308
245
266
242
212
237
205
187
232
198
205
210
179
187
201
192
180
183
196
161
184
193
171
149
132
145
123
152
141
137
159
124
175
163
156
122
165
139
138
148
142
135
159
153
128
124
140
154
155
148
143
142
135
131
133
137
168
154
164
147
151
140
136
152
141
117
138
129
126
145
132
123
139
138
151
103
153
124
129
136
128
120
125
126
140
117
128
133
110
114
105
115
132
115
121
122
111
123
122
135
109
123
117
140
146
157
177
167
191
174
194
231
225
273
253
327
317
324
348
404
404
431
436
490
520
568
579
570
668
642
625
657
660
662
699
718
671
639
635
615
605
563
559
561
464
431
414
340
359
316
283
288
249
271
220
196
198
156
146
133
125
126
123
109
110
100
100
95
119
95
91
92
84
96
97
98
75
89
93
77
77
75
82
89
100
88
86
72
90
75
84
81
103
99
108
83
101
89
81
92
71
91
75
100
106
87
104
90
115
115
111
114
111
105
102
106
106
109
110
119
118
116
140
139
140
143
135
117
120
137
115
116
104
139
127
111
119
139
104
136
123
105
126
98
119
110
84
100
93
96
106
97
105
100
118
100
95
94
84
100
92
91
84
83
77
79
90
79
86
82
80
59
77
77
72
64
80
85
79
76
81
70
84
79
86
69
71
70
77
82
77
78
62
66
73
66
73
74
80
65
73
70
73
78
81
86
83
80
76
80
78
70
74
72
76
85
77
69
77
70
74
71
78
66
77
87
80
85
68
83
83
74
70
71
83
68
67
75
62
69
71
63
60
67
70
62
46
56
83
66
56
66
56
57
53
71
62
64
57
66
56
56
65
63
59
58
57
52
58
48
58
53
43
63
62
54
47
57
54
52
59
66
69
54
48
53
60
52
54
64
43
45
62
59
51
49
59
72
80
43
61
69
58
62
61
73
77
84
86
99
82
96
78
106
107
85
112
105
124
101
128
115
122
111
136
132
127
104
136
117
115
121
127
113
132
128
113
129
117
116
107
108
129
122
114
114
106
125
107
104
102
84
88
64
77
90
91
60
71
53
64
55
56
62
46
54
61
48
64
60
48
60
60
59
39
59
55
50
65
56
58
53
67
48
63
62
41
59
76
57
58
74
58
70
67
59
56
73
90
66
67
73
81
77
73
60
73
66
70
68
76
68
65
56
69
66
66
65
69
52
56
62
55
40
52
50
43
48
42
44
41
49
51
34
42
50
44
43
41
41
46
38
45
50
43
46
49
54
45
48
41
47
56
51
61
40
41
56
44
52
45
54
43
41
68
47
69
76
52
49
61
59
57
55
61
51
60
61
70
52
75
69
69
70
64
66
78
67
75
69
79
80
52
62
55
80
66
64
61
67
55
61
58
61
52
54
57
64
75
64
61
45
54
61
33
49
45
60
55
38
53
39
31
40
42
39
41
31
39
31
51
40
28
38
49
33
41
34
42
28
32
26
42
26
33
26
37
36
26
41
36
32
31
33
37
32
42
41
35
39
28
31
30
24
37
28
30
31
28
41
27
23
31
30
29
28
39
26
23
18
31
36
26
37
40
21
24
25
32
22
27
25
25
29
21
35
30
38
25
30
24
19
21
20
28
19
23
25
23
21
26
22
18
25
28
16
12
28
23
17
13
20
25
20
24
24
24
17
16
16
17
20
23
29
20
21
19
28
24
23
14
19
20
18
24
20
27
26
21
19
36
25
25
22
25
31
26
40
30
40
27
30
35
48
41
37
36
38
43
49
45
53
45
50
35
53
54
52
49
61
47
70
70
45
68
81
69
60
60
$ENER_FIT:
0 1.688
