$SPEC_REM:
maestro
ID: 
C:\Users\mustapha\Desktop\sample_spectra\co60.spe
$DATE_MEA:
06/03/1998 11:30:06
$MEAS_TIM:
300 301
$DATA:
0 1023
0
0
0
0
0
0
0
0
0
0
1
124
144
147
152
193
184
224
210
268
297
313
275
294
303
359
397
507
587
641
662
575
560
493
450
433
491
519
581
631
711
781
934
1043
1348
1807
2271
2749
3265
3490
3570
3227
2813
2339
1875
1697
1247
1135
947
748
584
450
304
230
171
121
109
105
92
100
98
117
123
117
127
104
107
119
126
112
113
103
116
130
115
106
129
125
134
109
98
118
113
125
111
111
100
97
129
116
119
119
109
102
129
131
114
104
108
125
137
116
123
115
132
125
146
135
124
104
136
121
143
134
149
153
144
125
136
127
130
124
140
139
135
139
105
134
131
141
130
136
145
126
143
140
146
137
116
130
144
150
144
125
137
128
123
128
128
100
145
119
109
143
99
129
143
125
112
126
121
112
121
113
117
145
117
120
125
116
126
134
132
128
116
121
106
129
119
132
110
114
135
101
109
120
101
135
112
121
133
137
111
122
118
130
149
113
124
111
124
116
111
125
108
120
133
125
109
124
130
109
108
109
92
97
127
103
97
89
99
85
88
100
93
94
77
98
83
89
78
86
54
80
66
68
64
68
63
76
45
71
56
71
63
67
67
61
60
44
52
62
44
53
49
54
66
50
47
58
60
45
56
47
53
50
58
54
70
52
52
45
49
57
42
54
57
40
50
45
50
50
54
51
54
54
52
55
32
57
65
47
58
50
51
61
57
61
65
56
73
60
65
62
86
81
98
91
95
126
127
132
161
160
180
197
211
269
299
305
295
339
392
400
437
467
562
582
651
635
641
695
688
714
743
707
724
744
742
671
682
631
620
628
590
558
509
437
407
397
358
333
284
226
213
208
179
157
126
107
129
103
108
89
82
89
83
65
74
85
71
59
54
67
63
73
77
76
71
72
80
81
62
89
83
67
78
71
66
64
73
66
75
67
48
70
53
69
83
55
56
67
59
63
52
68
49
44
44
45
48
43
46
50
37
51
55
41
43
40
39
50
42
39
49
37
46
35
52
54
43
45
49
48
39
40
42
44
43
45
44
48
51
35
47
44
57
48
45
60
57
41
46
39
48
51
52
51
55
50
56
48
58
60
56
57
53
49
50
36
35
48
42
42
44
62
59
50
48
39
45
49
43
43
40
36
42
43
24
37
22
36
34
43
33
45
26
34
37
42
25
25
39
36
30
21
26
26
28
29
27
23
23
23
34
25
24
16
21
17
26
22
18
20
26
23
23
19
18
17
16
18
21
14
20
20
16
14
15
16
14
28
16
14
29
15
13
22
18
12
24
23
13
19
15
23
18
14
17
24
15
14
18
11
8
13
14
19
17
19
14
22
17
24
25
17
16
21
16
22
14
34
24
38
32
35
33
33
38
35
32
58
40
40
60
57
62
73
77
89
85
91
103
127
135
108
155
147
143
156
153
184
168
148
194
186
207
209
210
199
217
216
221
241
217
215
211
208
221
202
203
189
191
188
161
191
178
172
164
125
136
134
127
118
108
96
122
93
89
60
78
63
77
51
43
39
35
22
41
39
35
24
27
24
22
25
27
22
20
21
22
14
23
15
19
17
14
18
22
15
16
19
18
20
17
19
21
25
21
8
12
15
15
17
13
16
18
20
16
12
8
12
13
14
22
12
14
10
12
13
14
14
21
15
11
8
11
18
16
13
11
14
12
14
14
16
15
19
16
12
9
12
10
16
8
14
11
8
15
15
17
14
8
13
15
15
14
20
11
14
10
17
19
14
4
14
13
13
6
9
18
16
22
10
12
13
15
12
9
14
17
16
10
16
18
13
8
12
10
16
12
12
14
13
11
13
10
13
13
12
17
13
22
10
8
9
12
11
13
15
18
11
10
13
16
14
18
11
9
16
12
11
13
12
9
7
7
14
11
8
14
15
17
14
14
17
15
13
14
15
11
8
15
10
9
11
11
9
9
8
8
9
13
9
17
13
10
8
15
13
12
15
9
8
4
5
4
12
10
8
8
8
9
10
8
10
11
9
4
8
12
9
8
9
9
10
10
11
4
3
10
5
7
7
9
4
4
7
4
4
4
3
5
7
5
4
9
5
3
5
3
5
6
6
1
3
7
7
1
4
5
8
3
3
3
1
4
9
2
5
6
3
9
4
3
7
6
4
11
9
7
1
7
6
9
12
8
9
9
12
7
15
10
9
12
15
19
15
14
25
22
17
12
18
20
18
22
26
28
23
25
21
31
17
27
29
22
23
31
32
27
30
28
35
24
20
16
19
38
24
22
27
21
22
23
36
26
26
25
15
25
15
17
12
7
14
18
13
10
12
15
11
15
13
14
12
8
11
13
10
10
15
7
8
$ENER_FIT:
0 1.688
